/ d 755 4096 0 0 5 24 6 46
bin d 755 4096 0 0 6 1 1 22 /
dev d 755 4096 0 0 6 1 1 23 /
lib64 d 755 4096 0 0 6 1 1 23 /
mnt d 755 4096 0 0 6 1 1 23 /
root d 700 4096 0 0 6 1 1 23 /
snap d 755 4096 0 0 6 1 1 23 /
sys d 755 4096 0 0 6 1 1 23 /
var d 755 4096 0 0 6 1 1 23 /
boot d 755 4096 0 0 6 1 1 23 /
etc d 755 4096 0 0 6 1 1 23 /
lost+found d 700 4096 0 0 6 1 1 23 /
opt d 755 4096 0 0 6 1 1 23 /
run d 755 4096 0 0 6 1 1 23 /
srv d 755 4096 0 0 6 1 1 23 /
cdrom d 755 4096 0 0 6 1 1 24 /
home d 755 4096 0 0 6 1 1 24 /
lib d 755 4096 0 0 6 1 1 24 /
media d 755 4096 0 0 6 1 1 24 /
proc d 755 4096 0 0 6 1 1 24 /
sbin d 755 4096 0 0 6 1 1 24 /
usr d 755 4096 0 0 6 1 1 24 /
tmp d 666 16 1000 1000 6 10 3 3 /
b d 755 4096 0 0 6 28 17 59 /
os d 755 4096 1000 1000 6 1 1 25 /
rae d 755 4096 1001 1001 6 1 1 25 /
.cache d 700 4096 1000 1000 6 1 1 28 /
.config d 700 4096 1000 1000 6 1 1 28 /
.gnupg d 700 4096 1000 1000 6 1 1 29 /
.local d 700 4096 1000 1000 6 1 1 29 /
공개 d 755 4096 1000 1000 6 1 1 29 /
다운로드 d 755 4096 1000 1000 6 1 1 29 /
문서 d 755 4096 1000 1000 6 1 1 29 /
바탕화면 d 755 4096 1000 1000 6 1 1 29 /
비디오 d 755 4096 1000 1000 6 1 1 30 /
사진 d 755 4096 1000 1000 6 1 1 30 /
음악 d 755 4096 1000 1000 6 1 1 31 /
템플릿 d 755 4096 1000 1000 6 1 1 31 /
aa d 755 4096 1000 1000 6 1 1 42 /
bb d 755 4096 1001 1001 6 1 1 42 /
cc d 200 4096 1000 1000 6 1 1 42 /
hi f 644 5 1000 1000 6 1 1 47 /
a d 755 4096 1000 1000 6 11 14 48 /
v d 755 4096 1000 1000 6 11 14 48 /
abc d 755 4096 1000 1000 6 1 1 45 /
def d 755 4096 1000 1000 6 1 1 45 /
hello.txt f 644 7 1000 1000 5 24 22 17 /
hello f 666 16 1000 1000 6 10 3 3 /
poiu f 644 18 0 0 6 29 1 4 /
bbd d 755 4096 0 0 5 24 18 30 /
q d 755 4096 0 0 5 24 19 26 /
tt d 755 4096 0 0 5 24 20 49 /
ss d 755 4096 0 0 5 24 20 49 /
qweq d 755 4096 0 0 5 24 21 8 /
qwgqwg d 755 4096 0 0 5 24 21 8 /
wieughweouih d 755 4096 0 0 5 24 21 21 /
eghowhgowehg d 755 4096 0 0 5 24 21 21 /
xxx f 644 0 0 0 5 25 19 32 /
yyy f 644 0 0 0 3 22 13 13 /
xxx.txt f 644 0 0 0 5 25 19 39 /
asdffw f 644 0 0 0 5 25 20 15 /
pppp f 644 0 0 0 5 26 2 37 /
sdofwkdjf d 755 4096 0 0 5 25 20 19 /
fuck d 700 4096 0 0 5 25 20 55 /
aaaaaaa d 700 4096 0 0 5 25 21 26 /
qwer/ d 700 4096 0 0 5 26 0 45 /
qwer d 700 4096 0 0 5 26 0 45 /
xxqx/ d 700 4096 0 0 5 26 0 46 /
xaxax d 700 4096 0 0 5 26 0 46 /
hello d 700 4096 0 0 5 26 0 47 /
hi d 700 4096 0 0 5 26 0 47 /
bye d 700 4096 0 0 5 26 0 47 /
good d 700 4096 0 0 5 26 0 47 /
qaqaqa d 700 4096 0 0 5 26 0 49 /
ghi d 700 4096 0 0 5 26 0 49 /
qwqwe d 700 4096 0 0 5 26 0 52 /
zp d 700 4096 0 0 5 26 0 55 /
zio d 700 4096 0 0 5 26 0 56 /
zipw d 700 4096 0 0 5 26 0 57 /
zewr d 700 4096 0 0 5 26 0 59 /
zzop d 700 4096 0 0 5 26 1 8 /
zaang d 700 4096 0 0 5 26 1 10 /
qpow d 700 4096 0 0 5 26 1 29 /
qpwio d 700 4096 0 0 5 26 1 41 /
aowiej d 700 4096 0 0 5 26 2 30 /
xysdf f 644 0 0 0 5 26 2 34 /
weteg f 644 0 0 0 5 26 2 34 /
x d 700 4096 0 0 5 26 1 41 /qpwio
y d 700 4096 0 0 5 26 1 41 /qpwio/x
z d 700 4096 0 0 5 26 1 41 /qpwio/x/y
a d 700 4096 0 0 5 26 1 41 /qpwio/x/y/z
fudw d 700 4096 0 0 5 26 1 29 /qpow
case d 700 4096 0 0 5 26 1 29 /qpow
a d 700 4096 0 0 5 26 1 10 /zaang
b d 700 4096 0 0 5 26 1 10 /zaang
a d 700 4096 0 0 5 26 1 8 /zzop
b d 700 4096 0 0 5 26 1 8 /zzop
c d 700 4096 0 0 5 26 1 8 /zzop
a d 700 4096 0 0 5 26 0 59 /zewr
b d 700 4096 0 0 5 26 0 59 /zewr
c d 700 4096 0 0 5 26 0 59 /zewr
d d 700 4096 0 0 5 26 0 59 /zewr
a d 700 4096 0 0 5 26 0 57 /zipw
b d 700 4096 0 0 5 26 0 57 /zipw
c d 700 4096 0 0 5 26 0 57 /zipw
d d 700 4096 0 0 5 26 0 57 /zipw
a d 700 4096 0 0 5 26 0 56 /zio
b d 700 4096 0 0 5 26 0 56 /zio
c d 700 4096 0 0 5 26 0 56 /zio
d d 700 4096 0 0 5 26 0 56 /zio
e d 700 4096 0 0 5 26 0 56 /zio
a d 700 4096 0 0 5 26 0 55 /zp
b d 700 4096 0 0 5 26 0 55 /zp
c d 700 4096 0 0 5 26 0 55 /zp
d d 700 4096 0 0 5 26 0 55 /zp
e d 700 4096 0 0 5 26 0 55 /zp
qwqea d 700 4096 0 0 5 26 0 52 /qwqwe
safd d 700 4096 0 0 5 26 0 52 /qwqwe
qwr d 700 4096 0 0 5 26 0 46 /qwer
qqqqqqqq d 700 4096 0 0 5 25 21 26 /aaaaaaa
aa d 123 4096 0 0 5 25 20 55 /fuck
bb d 755 4096 0 0 5 25 20 55 /fuck
cc d 755 4096 0 0 5 25 20 55 /fuck
dd d 755 4096 0 0 5 25 20 55 /fuck
aaaa d 700 4096 0 0 5 25 21 12 /fuck
bbb d 700 4096 0 0 5 25 21 12 /fuck
ccc d 700 4096 0 0 5 25 21 12 /fuck
s d 755 4096 0 0 5 24 20 49 /tt
aaaaa d 755 4096 0 0 5 24 21 4 /q
sd d 755 4096 0 0 5 25 20 20 /q
dfw d 755 4096 0 0 5 25 20 20 /q
dwfwd d 755 4096 0 0 5 25 20 20 /q
.xx d 700 4096 0 0 5 25 20 23 /q
b d 700 4096 0 0 5 26 1 22 /a
c d 700 4096 0 0 5 26 1 23 /a
d d 700 4096 0 0 5 26 1 24 /a
e d 700 4096 0 0 5 26 1 24 /a
f d 700 4096 0 0 5 26 1 24 /a
qwer d 700 4096 0 0 5 26 1 28 /a
qsw d 700 4096 0 0 5 26 1 28 /a
x d 700 4096 0 0 5 26 2 23 /a
y d 700 4096 0 0 5 26 2 23 /a
z d 700 4096 0 0 5 26 2 23 /a
c d 700 4096 0 0 5 26 1 45 /a/b
aa d 700 4096 0 0 5 25 21 15 /cc
bb d 700 4096 0 0 5 25 21 15 /cc
aa d 700 4096 0 0 5 25 21 17 /bb
bb d 700 4096 0 0 5 25 21 17 /bb/aa
cc d 700 4096 0 0 5 25 21 18 /bb/aa
dd d 700 4096 0 0 5 25 21 18 /bb/aa/cc
aa d 700 4096 0 0 5 25 21 23 /b
bb d 700 4096 0 0 5 25 21 23 /b/aa
apple d 755 4096 0 0 5 24 20 46 /tmp
a d 755 4096 0 0 5 24 19 27 /dev
abd d 755 4096 0 0 5 24 19 27 /dev
b d 755 4096 0 0 5 24 19 30 /dev
wdkogwoke d 755 4096 0 0 5 24 21 8 /dev
a d 755 4096 0 0 5 24 19 30 /dev/a
b d 755 4096 0 0 5 24 19 30 /dev/a
twegwgwg d 755 4096 0 0 5 24 20 59 /dev/a
wefewjg d 755 4096 0 0 5 24 20 59 /dev/a
tmwopef d 755 4096 0 0 5 24 21 2 /dev/a
wekgljewg d 755 4096 0 0 5 24 21 3 /dev/a
qqq d 755 4096 0 0 5 24 21 3 /dev/a/a
qqqq d 755 4096 0 0 5 24 21 3 /dev/a/a
ef d 755 4096 0 0 5 24 21 3 /dev/a/a
